

aa 00 04 01 02 00 03 00 55    //×ó¿ªÕ¢ÃÅ   
----aa 00 04 01 02 00 03 00 55

aa 00 04 01 02 00 04 07 55    //ÓÒ¿ªÕ¢ÃÅ   
----AA 00 04 01 02 02 01 00 55


aa 00 04 01 07 00 03 05 55    //µÆ1ÁÁ
----AA 00 04 01 07 03 01 04 55

aa 00 04 01 07 00 04 02 55    //µÆ1Ãð
----AA 00 04 01 07 04 01 03 55

aa 00 04 01 07 00 05 03 55    //µÆ2ÁÁ
----AA 00 04 01 07 05 01 02 55

aa 00 04 01 07 00 06 00 55    //µÆ2Ãð
----AA 00 04 01 07 06 01 01 55

aa 00 04 01 07 00 07 01 55    //µÆ3ÁÁ
----AA 00 04 01 07 07 01 00 55

aa 00 04 01 07 00 08 0e 55    //µÆ3Ãð
----AA 00 04 01 07 08 01 0F 55

aa 00 04 01 07 00 09 0f 55    //µÆ4ÁÁ
----AA 00 04 01 07 09 01 0E 55 

aa 00 04 01 07 00 0a 0c 55    //µÆ4Ãð
----AA 00 04 01 07 0A 01 0D 55

aa 00 04 01 07 00 0b 0d 55    //µÆ5ÁÁ
----AA 00 04 01 07 0B 01 0C 55

aa 00 04 01 07 00 0c 0a 55    //µÆ5Ãð
----AA 00 04 01 07 0C 01 0B 55





